"""
-------------------------------------------------------
Assignment 5
-------------------------------------------------------
Author:  Ryan Chisholm
ID:      *********
Email:   *********
Version: 2022-11-02
-------------------------------------------------------
"""
-------------------------------------------------------
t01
factorial(10)

3628800
-------------------------------------------------------

-------------------------------------------------------
t02
calories_burned(10, 60)

  5: 50.0
 10: 100.0
 15: 150.0
 20: 200.0
 25: 250.0
 30: 300.0
 35: 350.0
 40: 400.0
 45: 450.0
 50: 500.0
 55: 550.0
 60: 600.0
-------------------------------------------------------

-------------------------------------------------------
t03
open_triangle(4)

##
# #
#  #
#   #
-------------------------------------------------------

-------------------------------------------------------
t04
multiplication_table(10, 15)

          10   11   12   13   14   15
       ------------------------------
   10 |  100  110  120  130  140  150
   11 |  110  121  132  143  154  165
   12 |  120  132  144  156  168  180
   13 |  130  143  156  169  182  195
   14 |  140  154  168  182  196  210
   15 |  150  165  180  195  210  225
-------------------------------------------------------

-------------------------------------------------------
t05
range_total(10, 5, 5)

100
-------------------------------------------------------

-------------------------------------------------------
